{"cameras":[{"camera":{"cx":352.2776184082031,"cy":271.681396484375,"fx":550.73388671875,"fy":550.73388671875,"height":540,"k1":0,"k2":0,"k3":0,"p1":0,"p2":0,"width":720},"frames":[{"adjusted":false,"compass":335.645263671875,"extrinsics":[0.008231853134930134,-0.8911855220794678,0.4535641670227051,0.120122529566288,-0.9980049133300781,-0.03571495786309242,-0.05206148326396942,-0.07821240276098251,0.06259547173976898,-0.4522307217121124,-0.8897016048431396,-0.0069034649059176445,-0.0,0.0,-0.0,1.0],"filename":"frame_00000000.jpg","index":0,"latitude":null,"longitude":null,"selected":true,"timestamp":"2022-03-23T12:27:11.000-07:00","tracking_state":"good"},{"adjusted":false,"compass":338.8568115234375,"extrinsics":[-0.0028840487357228994,-0.8972064852714539,0.4416017234325409,0.1235380545258522,-0.997809112071991,-0.02660571038722992,-0.06057165563106537,-0.08272726088762283,0.06609440594911575,-0.4408089220523834,-0.8951641321182251,-0.013366634026169777,-0.0,0.0,-0.0,1.0],"filename":"frame_00000001.jpg","index":1,"latitude":null,"longitude":null,"selected":true,"timestamp":"2022-03-23T12:27:11.049-07:00","tracking_state":"good"},{"adjusted":false,"compass":338.8568115234375,"extrinsics":[-0.006948975846171379,-0.9034923315048218,0.4285478889942169,0.12808872759342194,-0.9963781833648682,-0.03006429225206375,-0.079539954662323,-0.08752425760030746,0.08474770188331604,-0.4275484085083008,-0.9000110626220703,-0.020646298304200172,-0.0,0.0,-0.0,1.0],"filename":"frame_00000002.jpg","index":2,"latitude":null,"longitude":null,"selected":true,"timestamp":"2022-03-23T12:27:11.099-07:00","tracking_state":"good"},{"adjusted":false,"compass":338.8568115234375,"extrinsics":[-0.009085175581276417,-0.9043840765953064,0.4266226291656494,0.13339075446128845,-0.9953587651252747,-0.032696399837732315,-0.0905088409781456,-0.09106939285993576,0.09580375999212265,-0.4254648685455322,-0.8998894691467285,-0.028611568734049797,-0.0,0.0,-0.0,1.000000238418579],"filename":"frame_00000003.jpg","index":3,"latitude":null,"longitude":null,"selected":true,"timestamp":"2022-03-23T12:27:11.149-07:00","tracking_state":"good"},{"adjusted":false,"compass":338.8568115234375,"extrinsics":[-0.00435168482363224,-0.8976764678955078,0.4406338036060333,0.14169777929782867,-0.9970511794090271,-0.029865169897675514,-0.07068932056427002,-0.092411108314991,0.07661574333906174,-0.43964213132858276,-0.8948993682861328,-0.038104794919490814,-0.0,0.0,-0.0,1.0],"filename":"frame_00000004.jpg","index":4,"latitude":null,"longitude":null,"selected":true,"timestamp":"2022-03-23T12:27:11.199-07:00","tracking_state":"good"},{"adjusted":false,"compass":339.17822265625,"extrinsics":[0.003691175952553749,-0.890417218208313,0.45513027906417847,0.15085014700889587,-0.9976257681846619,-0.03457798808813095,-0.05955749377608299,-0.09227127581834793,0.06876850128173828,-0.45382988452911377,-0.8884307742118835,-0.049463286995887756,-0.0,0.0,-0.0,1.0],"filename":"frame_00000005.jpg","index":5,"latitude":null,"longitude":null,"selected":true,"timestamp":"2022-03-23T12:27:11.249-07:00","tracking_state":"good"},{"adjusted":false,"compass":339.17822265625,"extrinsics":[0.007353722583502531,-0.8909850120544434,0.4539733827114105,0.1596413105726242,-0.997268795967102,-0.0398995578289032,-0.06215401738882065,-0.09280732274055481,0.07349163293838501,-0.452276349067688,-0.888844907283783,-0.06412838399410248,-0.0,0.0,-0.0,1.0000001192092896],"filename":"frame_00000006.jpg","index":6,"latitude":null,"longitude":null,"selected":true,"timestamp":"2022-03-23T12:27:11.299-07:00","tracking_state":"good"},{"adjusted":false,"compass":339.17822265625,"extrinsics":[0.010938361287117004,-0.8911668062210083,0.4535437524318695,0.168773353099823,-0.9962228536605835,-0.048784974962472916,-0.07183101028203964,-0.09288251399993896,0.08613952994346619,-0.4510450065135956,-0.8883344531059265,-0.07864901423454285,-0.0,0.0,-0.0,1.0],"filename":"frame_00000007.jpg","index":7,"latitude":null,"longitude":null,"selected":true,"timestamp":"2022-03-23T12:27:11.349-07:00","tracking_state":"good"},{"adjusted":false,"compass":339.17822265625,"extrinsics":[0.01541411504149437,-0.8901252746582031,0.45545533299446106,0.17942048609256744,-0.9952608942985535,-0.05739817023277283,-0.07849396020174026,-0.09196759760379791,0.09601174294948578,-0.4520869255065918,-0.8867915868759155,-0.09626740217208862,-0.0,0.0,-0.0,1.0],"filename":"frame_00000008.jpg","index":8,"latitude":null,"longitude":null,"selected":true,"timestamp":"2022-03-23T12:27:11.399-07:00","tracking_state":"good"},{"adjusted":false,"compass":339.17822265625,"extrinsics":[0.016797276213765144,-0.8883842825889587,0.4587930142879486,0.1899838000535965,-0.9948122501373291,-0.06089309975504875,-0.0814884677529335,-0.09141118079423904,0.1003303974866867,-0.4550441801548004,-0.8847984671592712,-0.11599621921777725,-0.0,0.0,-0.0,1.0],"filename":"frame_00000009.jpg","index":9,"latitude":null,"longitude":null,"selected":true,"timestamp":"2022-03-23T12:27:11.449-07:00","tracking_state":"good"},{"adjusted":false,"compass":339.17822265625,"extrinsics":[0.018925540149211884,-0.8902764320373535,0.45502734184265137,0.19998681545257568,-0.995343804359436,-0.05979783460497856,-0.07559805363416672,-0.09051395207643509,0.09451278299093246,-0.45147791504859924,-0.8872628211975098,-0.13824334740638733,-0.0,0.0,-0.0,1.0000001192092896],"filename":"frame_00000010.jpg","index":10,"latitude":null,"longitude":null,"selected":true,"timestamp":"2022-03-23T12:27:11.499-07:00","tracking_state":"good"},{"adjusted":false,"compass":339.17822265625,"extrinsics":[0.021963484585285187,-0.8981127142906189,0.4392165541648865,0.2085389643907547,-0.9954969882965088,-0.06016760319471359,-0.07325021177530289,-0.0896960198879242,0.09221354871988297,-0.4356299340724945,-0.8953900337219238,-0.16454333066940308,-0.0,0.0,-0.0,1.0],"filename":"frame_00000011.jpg","index":11,"latitude":null,"longitude":null,"selected":true,"timestamp":"2022-03-23T12:27:11.549-07:00","tracking_state":"good"},{"adjusted":false,"compass":339.17822265625,"extrinsics":[0.018227053806185722,-0.902929961681366,0.42940089106559753,0.2194899618625641,-0.996424674987793,-0.05183970183134079,-0.0667109414935112,-0.08741522580385208,0.08249531686306,-0.42664968967437744,-0.9006466269493103,-0.1942662000656128,-0.0,0.0,-0.0,1.0],"filename":"frame_00000012.jpg","index":12,"latitude":null,"longitude":null,"selected":true,"timestamp":"2022-03-23T12:27:11.599-07:00","tracking_state":"good"},{"adjusted":false,"compass":339.17822265625,"extrinsics":[0.01582116261124611,-0.9105785489082336,0.4130333364009857,0.2296624630689621,-0.9963187575340271,-0.04916508495807648,-0.07022615522146225,-0.08620455116033554,0.0842532366514206,-0.4104018211364746,-0.9080042839050293,-0.22505521774291992,-0.0,0.0,-0.0,1.0000001192092896],"filename":"frame_00000013.jpg","index":13,"latitude":null,"longitude":null,"selected":true,"timestamp":"2022-03-23T12:27:11.649-07:00","tracking_state":"good"},{"adjusted":false,"compass":339.17822265625,"extrinsics":[0.012760964222252369,-0.9189905524253845,0.39407315850257874,0.24037346243858337,-0.9961079359054565,-0.04605735093355179,-0.07515095919370651,-0.08588382601737976,0.08721297979354858,-0.39158037304878235,-0.9160014986991882,-0.25676125288009644,-0.0,0.0,-0.0,1.0000001192092896],"filename":"frame_00000014.jpg","index":14,"latitude":null,"longitude":null,"selected":true,"timestamp":"2022-03-23T12:27:11.699-07:00","tracking_state":"good"},{"adjusted":false,"compass":339.17822265625,"extrinsics":[0.010482478886842728,-0.9197548627853394,0.39235323667526245,0.25716450810432434,-0.9961431622505188,-0.04378842934966087,-0.07603498548269272,-0.0838003158569336,0.08711407333612442,-0.3900429606437683,-0.9166665077209473,-0.28784188628196716,-0.0,0.0,-0.0,1.0],"filename":"frame_00000015.jpg","index":15,"latitude":null,"longitude":null,"selected":true,"timestamp":"2022-03-23T12:27:11.749-07:00","tracking_state":"good"},{"adjusted":false,"compass":339.17822265625,"extrinsics":[0.006638293154537678,-0.9161606431007385,0.4007560908794403,0.27899232506752014,-0.996672511100769,-0.03862028568983078,-0.0717797726392746,-0.08001399785280228,0.08123912662267685,-0.3989461362361908,-0.9133685231208801,-0.31734776496887207,-0.0,0.0,-0.0,1.0],"filename":"frame_00000016.jpg","index":16,"latitude":null,"longitude":null,"selected":true,"timestamp":"2022-03-23T12:27:11.799-07:00","tracking_state":"good"},{"adjusted":false,"compass":339.17822265625,"extrinsics":[0.00786883570253849,-0.9217559099197388,0.3876909017562866,0.29340121150016785,-0.9972192645072937,-0.03596603497862816,-0.06527092307806015,-0.07609148323535919,0.07410754263401031,-0.3860992193222046,-0.9194756150245667,-0.35095587372779846,-0.0,0.0,-0.0,1.0000001192092896],"filename":"frame_00000017.jpg","index":17,"latitude":null,"longitude":null,"selected":true,"timestamp":"2022-03-23T12:27:11.849-07:00","tracking_state":"good"},{"adjusted":false,"compass":339.17822265625,"extrinsics":[0.016368404030799866,-0.9335505962371826,0.35807162523269653,0.3003087341785431,-0.997130811214447,-0.041711509227752686,-0.06316714733839035,-0.07543686777353287,0.07390543818473816,-0.356010377407074,-0.9315548539161682,-0.3879022002220154,-0.0,0.0,-0.0,1.0],"filename":"frame_00000018.jpg","index":18,"latitude":null,"longitude":null,"selected":true,"timestamp":"2022-03-23T12:27:11.899-07:00","tracking_state":"good"},{"adjusted":false,"compass":339.17822265625,"extrinsics":[0.025888564065098763,-0.9390032291412354,0.34293249249458313,0.3115696907043457,-0.9966614246368408,-0.050816264003515244,-0.06390326470136642,-0.07841905206441879,0.07743190973997116,-0.34013327956199646,-0.9371837973594666,-0.42254841327667236,-0.0,0.0,-0.0,1.0],"filename":"frame_00000019.jpg","index":19,"latitude":null,"longitude":null,"selected":true,"timestamp":"2022-03-23T12:27:11.949-07:00","tracking_state":"good"},{"adjusted":false,"compass":339.17822265625,"extrinsics":[0.03166593983769417,-0.9411091804504395,0.3366164565086365,0.32661229372024536,-0.9956003427505493,-0.05941517651081085,-0.0724550187587738,-0.08686258643865585,0.08818820118904114,-0.3328411281108856,-0.9388500452041626,-0.4530024230480194,-0.0,0.0,-0.0,1.0],"filename":"frame_00000020.jpg","index":20,"latitude":null,"longitude":null,"selected":true,"timestamp":"2022-03-23T12:27:11.999-07:00","tracking_state":"good"},{"adjusted":false,"compass":339.17822265625,"extrinsics":[0.02996215410530567,-0.9448971152305603,0.32599350810050964,0.3392583131790161,-0.995162844657898,-0.05872662737965584,-0.07875434309244156,-0.0978730320930481,0.09355921298265457,-0.32205694913864136,-0.9420859217643738,-0.48331087827682495,-0.0,0.0,-0.0,1.0],"filename":"frame_00000021.jpg","index":21,"latitude":null,"longitude":null,"selected":true,"timestamp":"2022-03-23T12:27:12.049-07:00","tracking_state":"good"},{"adjusted":false,"compass":339.17822265625,"extrinsics":[0.024901574477553368,-0.9534088373184204,0.3006519377231598,0.34148937463760376,-0.994245171546936,-0.054965175688266754,-0.09195353090763092,-0.11548206955194473,0.10419470816850662,-0.29663190245628357,-0.9492907524108887,-0.5155870318412781,-0.0,0.0,-0.0,1.0000001192092896],"filename":"frame_00000022.jpg","index":22,"latitude":null,"longitude":null,"selected":true,"timestamp":"2022-03-23T12:27:12.099-07:00","tracking_state":"good"},{"adjusted":false,"compass":340.3343505859375,"extrinsics":[0.02035824954509735,-0.9606030583381653,0.277177631855011,0.34308719635009766,-0.9934477210044861,-0.050620369613170624,-0.10246580094099045,-0.13405215740203857,0.11245977878570557,-0.2732754349708557,-0.9553393721580505,-0.5471678972244263,-0.0,0.0,-0.0,1.0],"filename":"frame_00000023.jpg","index":23,"latitude":null,"longitude":null,"selected":true,"timestamp":"2022-03-23T12:27:12.149-07:00","tracking_state":"good"},{"adjusted":false,"compass":340.3343505859375,"extrinsics":[0.0173987727612257,-0.9654709100723267,0.25992897152900696,0.34658271074295044,-0.9920151233673096,-0.049147024750709534,-0.11614782363176346,-0.15757642686367035,0.12491206079721451,-0.25583264231681824,-0.9586169123649597,-0.5778032541275024,-0.0,0.0,-0.0,1.0],"filename":"frame_00000024.jpg","index":24,"latitude":null,"longitude":null,"selected":true,"timestamp":"2022-03-23T12:27:12.199-07:00","tracking_state":"good"},{"adjusted":false,"compass":340.3343505859375,"extrinsics":[0.01117513794451952,-0.9693539142608643,0.24541416764259338,0.34991413354873657,-0.990687906742096,-0.04403818026185036,-0.12883326411247253,-0.18391986191272736,0.13569264113903046,-0.24168910086154938,-0.9608193635940552,-0.607725203037262,-0.0,0.0,-0.0,1.0],"filename":"frame_00000025.jpg","index":25,"latitude":null,"longitude":null,"selected":true,"timestamp":"2022-03-23T12:27:12.249-07:00","tracking_state":"good"},{"adjusted":false,"compass":342.745849609375,"extrinsics":[0.007375151384621859,-0.9731550812721252,0.2300320863723755,0.35265058279037476,-0.9889424443244934,-0.041171491146087646,-0.1424698680639267,-0.21491886675357819,0.14811602234840393,-0.2264377623796463,-0.9626980423927307,-0.6386715769767761,-0.0,0.0,-0.0,1.0],"filename":"frame_00000026.jpg","index":26,"latitude":null,"longitude":null,"selected":true,"timestamp":"2022-03-23T12:27:12.299-07:00","tracking_state":"good"},{"adjusted":false,"compass":342.745849609375,"extrinsics":[0.002318144077435136,-0.977504312992096,0.21090273559093475,0.3512028753757477,-0.9869406223297119,-0.03620630502700806,-0.15696310997009277,-0.24966484308242798,0.1610681116580963,-0.20778460800647736,-0.9648226499557495,-0.6673116087913513,-0.0,0.0,-0.0,1.0],"filename":"frame_00000027.jpg","index":27,"latitude":null,"longitude":null,"selected":true,"timestamp":"2022-03-23T12:27:12.349-07:00","tracking_state":"good"},{"adjusted":false,"compass":346.044677734375,"extrinsics":[0.0012546443613246083,-0.9826682806015015,0.185368612408638,0.3429708480834961,-0.983005940914154,-0.0352400541305542,-0.18015971779823303,-0.2918860912322998,0.18356962502002716,-0.18199239671230316,-0.9660128951072693,-0.6931759715080261,-0.0,0.0,-0.0,1.0000001192092896],"filename":"frame_00000028.jpg","index":28,"latitude":null,"longitude":null,"selected":true,"timestamp":"2022-03-23T12:27:12.399-07:00","tracking_state":"good"},{"adjusted":false,"compass":346.044677734375,"extrinsics":[-0.007296325173228979,-0.9857335686683655,0.16815508902072906,0.34041863679885864,-0.9802455902099609,-0.026187052950263023,-0.19604308903217316,-0.33281654119491577,0.197649747133255,-0.16626371443271637,-0.9660698771476746,-0.716726541519165,-0.0,0.0,-0.0,1.0000001192092896],"filename":"frame_00000029.jpg","index":29,"latitude":null,"longitude":null,"selected":true,"timestamp":"2022-03-23T12:27:12.449-07:00","tracking_state":"good"},{"adjusted":false,"compass":346.044677734375,"extrinsics":[-0.020043322816491127,-0.9850343465805054,0.17118899524211884,0.35294267535209656,-0.9768652319908142,-0.01716899313032627,-0.2131659835577011,-0.37736058235168457,0.21291497349739075,-0.17150111496448517,-0.9619016647338867,-0.7312223315238953,-0.0,0.0,-0.0,1.0],"filename":"frame_00000030.jpg","index":30,"latitude":null,"longitude":null,"selected":true,"timestamp":"2022-03-23T12:27:12.499-07:00","tracking_state":"good"},{"adjusted":false,"compass":349.74169921875,"extrinsics":[-0.026299746707081795,-0.9848984479904175,0.17112372815608978,0.36598771810531616,-0.9729673266410828,-0.01406996138393879,-0.23051324486732483,-0.4212668836116791,0.22943980991840363,-0.17256025969982147,-0.957904040813446,-0.7436173558235168,-0.0,0.0,-0.0,1.0],"filename":"frame_00000031.jpg","index":31,"latitude":null,"longitude":null,"selected":true,"timestamp":"2022-03-23T12:27:12.549-07:00","tracking_state":"good"},{"adjusted":false,"compass":349.74169921875,"extrinsics":[-0.02554962784051895,-0.9893195629119873,0.14350625872612,0.35582858324050903,-0.9684608578681946,-0.011096138507127762,-0.2489190250635147,-0.46588554978370667,0.24785281717777252,-0.1453399658203125,-0.9578337669372559,-0.7590115666389465,-0.0,0.0,-0.0,1.0000001192092896],"filename":"frame_00000032.jpg","index":32,"latitude":null,"longitude":null,"selected":true,"timestamp":"2022-03-23T12:27:12.599-07:00","tracking_state":"good"},{"adjusted":false,"compass":349.74169921875,"extrinsics":[-0.026424093171954155,-0.9918402433395386,0.12471917271614075,0.35095468163490295,-0.9656190872192383,-0.006951687391847372,-0.25986844301223755,-0.5027098059654236,0.2586149573326111,-0.1272979974746704,-0.9575561285018921,-0.7741181254386902,-0.0,0.0,-0.0,1.0000001192092896],"filename":"frame_00000033.jpg","index":33,"latitude":null,"longitude":null,"selected":true,"timestamp":"2022-03-23T12:27:12.649-07:00","tracking_state":"good"},{"adjusted":false,"compass":349.74169921875,"extrinsics":[-0.031128911301493645,-0.9926885962486267,0.11662103980779648,0.3530103266239166,-0.9639288783073425,-0.0010411535622552037,-0.2661578059196472,-0.5333577990531921,0.26433318853378296,-0.12069959938526154,-0.9568487405776978,-0.7869113087654114,-0.0,0.0,-0.0,1.0000001192092896],"filename":"frame_00000034.jpg","index":34,"latitude":null,"longitude":null,"selected":true,"timestamp":"2022-03-23T12:27:12.699-07:00","tracking_state":"good"},{"adjusted":false,"compass":349.74169921875,"extrinsics":[-0.037793539464473724,-0.9929605722427368,0.11225432902574539,0.35649627447128296,-0.9643972516059875,0.006819328758865595,-0.2643699049949646,-0.5571877360343933,0.26174336671829224,-0.11824924498796463,-0.9578662514686584,-0.8048979640007019,0.0,0.0,-0.0,1.0],"filename":"frame_00000035.jpg","index":35,"latitude":null,"longitude":null,"selected":true,"timestamp":"2022-03-23T12:27:12.749-07:00","tracking_state":"good"},{"adjusted":false,"compass":352.8544921875,"extrinsics":[-0.035941947251558304,-0.9940229654312134,0.1030847355723381,0.35510969161987305,-0.9636958837509155,0.007166003808379173,-0.2669059634208679,-0.5851207375526428,0.2645719349384308,-0.10893546789884567,-0.9581934213638306,-0.8227142095565796,0.0,0.0,-0.0,1.0],"filename":"frame_00000036.jpg","index":36,"latitude":null,"longitude":null,"selected":true,"timestamp":"2022-03-23T12:27:12.799-07:00","tracking_state":"good"},{"adjusted":false,"compass":352.8544921875,"extrinsics":[-0.032138243317604065,-0.9955203533172607,0.088917575776577,0.3492308259010315,-0.962022066116333,0.006682959385216236,-0.27288955450057983,-0.6154497265815735,0.2710728943347931,-0.09431086480617523,-0.9579272866249084,-0.8409243822097778,0.0,0.0,-0.0,1.0],"filename":"frame_00000037.jpg","index":37,"latitude":null,"longitude":null,"selected":true,"timestamp":"2022-03-23T12:27:12.849-07:00","tracking_state":"good"},{"adjusted":false,"compass":352.8544921875,"extrinsics":[-0.03172621876001358,-0.9964708089828491,0.07771337777376175,0.34362077713012695,-0.9608079195022583,0.008982492610812187,-0.2770695388317108,-0.6453272700309753,0.27539360523223877,-0.08345799893140793,-0.9577019810676575,-0.861644983291626,0.0,0.0,-0.0,1.0],"filename":"frame_00000038.jpg","index":38,"latitude":null,"longitude":null,"selected":true,"timestamp":"2022-03-23T12:27:12.899-07:00","tracking_state":"good"},{"adjusted":false,"compass":353.954345703125,"extrinsics":[-0.03278549388051033,-0.9971736073493958,0.06760071963071823,0.33785679936408997,-0.9600945711135864,0.012625878676772118,-0.27939027547836304,-0.673291027545929,0.2777470648288727,-0.07406304776668549,-0.9577948451042175,-0.8845606446266174,0.0,0.0,-0.0,1.0],"filename":"frame_00000039.jpg","index":39,"latitude":null,"longitude":null,"selected":true,"timestamp":"2022-03-23T12:27:12.949-07:00","tracking_state":"good"},{"adjusted":false,"compass":353.954345703125,"extrinsics":[-0.03381125256419182,-0.9979793429374695,0.053795747458934784,0.32639142870903015,-0.9598695635795593,0.01743195578455925,-0.2799043655395508,-0.7007402777671814,0.2784010171890259,-0.06110082194209099,-0.9585193991661072,-0.9115155339241028,0.0,0.0,-0.0,1.0000001192092896],"filename":"frame_00000040.jpg","index":40,"latitude":null,"longitude":null,"selected":true,"timestamp":"2022-03-23T12:27:12.999-07:00","tracking_state":"good"},{"adjusted":false,"compass":353.954345703125,"extrinsics":[-0.029926709830760956,-0.9988722801208496,0.03685828298330307,0.31313738226890564,-0.9585114121437073,0.018220512196421623,-0.28447142243385315,-0.7309297919273376,0.2834790349006653,-0.0438423752784729,-0.9579757452011108,-0.9378794431686401,0.0,0.0,-0.0,1.0000001192092896],"filename":"frame_00000041.jpg","index":41,"latitude":null,"longitude":null,"selected":true,"timestamp":"2022-03-23T12:27:13.049-07:00","tracking_state":"good"},{"adjusted":false,"compass":353.954345703125,"extrinsics":[-0.026733653619885445,-0.9994118213653564,0.02147885225713253,0.29921796917915344,-0.9573138952255249,0.019409451633691788,-0.2883980870246887,-0.7622549533843994,0.2878115177154541,-0.028271937742829323,-0.9572696089744568,-0.9679940938949585,0.0,0.0,-0.0,1.0000001192092896],"filename":"frame_00000042.jpg","index":42,"latitude":null,"longitude":null,"selected":true,"timestamp":"2022-03-23T12:27:13.099-07:00","tracking_state":"good"},{"adjusted":false,"compass":355.01654052734375,"extrinsics":[-0.0235308650881052,-0.9996758699417114,0.00971065554767847,0.2899334728717804,-0.9560768604278564,0.01966375671327114,-0.2924555242061615,-0.7937880754470825,0.29216986894607544,-0.016165869310498238,-0.9562296271324158,-0.9977762699127197,0.0,0.0,-0.0,1.0],"filename":"frame_00000043.jpg","index":43,"latitude":null,"longitude":null,"selected":true,"timestamp":"2022-03-23T12:27:13.149-07:00","tracking_state":"good"},{"adjusted":false,"compass":355.01654052734375,"extrinsics":[-0.021920418366789818,-0.9997577667236328,-0.0019666107837110758,0.2795178294181824,-0.9564589858055115,0.021543623879551888,-0.2910705506801605,-0.8205212950706482,0.2910424470901489,-0.004499407485127449,-0.956699550151825,-1.0343568325042725,-0.0,0.0,0.0,1.0000001192092896],"filename":"frame_00000044.jpg","index":44,"latitude":null,"longitude":null,"selected":true,"timestamp":"2022-03-23T12:27:13.199-07:00","tracking_state":"good"},{"adjusted":false,"compass":355.01654052734375,"extrinsics":[-0.013934489339590073,-0.999656617641449,-0.022191122174263,0.2621580958366394,-0.9555425047874451,0.019850103184580803,-0.2941846549510956,-0.8512105941772461,0.2945241630077362,0.01710524410009384,-0.9554910063743591,-1.0658334493637085,0.0,0.0,0.0,1.0000001192092896],"filename":"frame_00000045.jpg","index":45,"latitude":null,"longitude":null,"selected":true,"timestamp":"2022-03-23T12:27:13.249-07:00","tracking_state":"good"},{"adjusted":false,"compass":355.01654052734375,"extrinsics":[-0.007424023933708668,-0.9993070363998413,-0.03647267073392868,0.249875009059906,-0.9550225734710693,0.017898160964250565,-0.29599276185035706,-0.8832752108573914,0.296440452337265,0.03263475373387337,-0.954493522644043,-1.0995864868164063,0.0,0.0,0.0,1.0],"filename":"frame_00000046.jpg","index":46,"latitude":null,"longitude":null,"selected":true,"timestamp":"2022-03-23T12:27:13.299-07:00","tracking_state":"good"},{"adjusted":false,"compass":355.01654052734375,"extrinsics":[-0.010303766466677189,-0.9991714358329773,-0.039375435560941696,0.24938157200813293,-0.9549813866615295,0.021508343517780304,-0.2958853840827942,-0.9121851921081543,0.29648715257644653,0.03455406427383423,-0.9544115662574768,-1.129639744758606,0.0,0.0,0.0,1.0000001192092896],"filename":"frame_00000047.jpg","index":47,"latitude":null,"longitude":null,"selected":true,"timestamp":"2022-03-23T12:27:13.349-07:00","tracking_state":"good"},{"adjusted":false,"compass":355.01654052734375,"extrinsics":[-0.012052140198647976,-0.9988727569580078,-0.04591338708996773,0.24241693317890167,-0.9540287852287292,0.025238612666726112,-0.2986508905887604,-0.9462019205093384,0.29947301745414734,0.04020330309867859,-0.9532573819160461,-1.1565921306610107,0.0,0.0,0.0,1.0],"filename":"frame_00000048.jpg","index":48,"latitude":null,"longitude":null,"selected":true,"timestamp":"2022-03-23T12:27:13.399-07:00","tracking_state":"good"},{"adjusted":false,"compass":356.10931396484375,"extrinsics":[-0.015394460409879684,-0.9992119073867798,-0.03658779338002205,0.2567557990550995,-0.9528295993804932,0.02575315348803997,-0.3024112582206726,-0.9808076024055481,0.3031150996685028,0.030206475406885147,-0.9524751305580139,-1.178678035736084,0.0,0.0,0.0,1.0],"filename":"frame_00000049.jpg","index":49,"latitude":null,"longitude":null,"selected":true,"timestamp":"2022-03-23T12:27:13.449-07:00","tracking_state":"good"},{"adjusted":false,"compass":356.10931396484375,"extrinsics":[-0.015819385647773743,-0.9994713664054871,-0.02840319648385048,0.26962241530418396,-0.9498535990715027,0.02389431558549404,-0.31178128719329834,-1.0224918127059937,0.31229516863822937,0.022046683356165886,-0.9497293829917908,-1.1927423477172852,0.0,0.0,0.0,1.000000238418579],"filename":"frame_00000050.jpg","index":50,"latitude":null,"longitude":null,"selected":true,"timestamp":"2022-03-23T12:27:13.499-07:00","tracking_state":"good"},{"adjusted":false,"compass":356.10931396484375,"extrinsics":[-0.010373183526098728,-0.9995172619819641,-0.02928643859922886,0.27446356415748596,-0.9473393559455872,0.019197771325707436,-0.31965577602386475,-1.06153404712677,0.3200637102127075,0.024428347125649452,-0.9470811486244202,-1.2074593305587769,0.0,0.0,0.0,1.0000001192092896],"filename":"frame_00000051.jpg","index":51,"latitude":null,"longitude":null,"selected":true,"timestamp":"2022-03-23T12:27:13.549-07:00","tracking_state":"good"},{"adjusted":false,"compass":357.212646484375,"extrinsics":[-0.00354764424264431,-0.9994796514511108,-0.03205809369683266,0.2758459746837616,-0.9443337321281433,0.013894732110202312,-0.32869523763656616,-1.103499412536621,0.32896968722343445,0.02910744771361351,-0.9438916444778442,-1.218631625175476,0.0,0.0,0.0,0.9999998807907104],"filename":"frame_00000052.jpg","index":52,"latitude":null,"longitude":null,"selected":true,"timestamp":"2022-03-23T12:27:13.599-07:00","tracking_state":"good"},{"adjusted":false,"compass":357.212646484375,"extrinsics":[0.002220790134742856,-0.9994906783103943,-0.03183617442846298,0.28028762340545654,-0.9422311782836914,0.008572331629693508,-0.33485376834869385,-1.1420401334762573,0.3349561095237732,0.030740676447749138,-0.9417322278022766,-1.2308762073516846,-0.0,0.0,-0.0,1.0],"filename":"frame_00000053.jpg","index":53,"latitude":null,"longitude":null,"selected":true,"timestamp":"2022-03-23T12:27:13.649-07:00","tracking_state":"good"},{"adjusted":false,"compass":357.212646484375,"extrinsics":[0.007432104088366032,-0.9995447397232056,-0.029244083911180496,0.2863130271434784,-0.9398514628410339,0.003005208447575569,-0.3415704369544983,-1.1826342344284058,0.34150275588035583,0.03002367727458477,-0.9394010901451111,-1.241431713104248,-0.0,0.0,-0.0,1.0000001192092896],"filename":"frame_00000054.jpg","index":54,"latitude":null,"longitude":null,"selected":true,"timestamp":"2022-03-23T12:27:13.699-07:00","tracking_state":"good"},{"adjusted":false,"compass":358.2320556640625,"extrinsics":[0.010009299963712692,-0.9995058178901672,-0.029798926785588264,0.28641200065612793,-0.936397135257721,0.0010855079162865877,-0.3509405255317688,-1.2285902500152588,0.35079941153526306,0.03141629695892334,-0.9359235167503357,-1.2464830875396729,-0.0,0.0,-0.0,1.0000001192092896],"filename":"frame_00000055.jpg","index":55,"latitude":null,"longitude":null,"selected":true,"timestamp":"2022-03-23T12:27:13.749-07:00","tracking_state":"good"},{"adjusted":false,"compass":358.2320556640625,"extrinsics":[0.00858879741281271,-0.9992896318435669,-0.03669403865933418,0.2722894847393036,-0.9334370493888855,0.005148880649358034,-0.358704537153244,-1.2764958143234253,0.358638733625412,0.03733241558074951,-0.9327296614646912,-1.2539023160934448,-0.0,0.0,-0.0,1.0],"filename":"frame_00000056.jpg","index":56,"latitude":null,"longitude":null,"selected":true,"timestamp":"2022-03-23T12:27:13.799-07:00","tracking_state":"good"},{"adjusted":false,"compass":358.2320556640625,"extrinsics":[-0.0003471467935014516,-0.9990231990814209,-0.04418648034334183,0.2533186674118042,-0.9304825663566589,0.016509803012013435,-0.36596405506134033,-1.3243011236190796,0.36633607745170593,0.040987707674503326,-0.9295794367790222,-1.257645845413208,0.0,0.0,0.0,1.0000001192092896],"filename":"frame_00000057.jpg","index":57,"latitude":null,"longitude":null,"selected":true,"timestamp":"2022-03-23T12:27:13.849-07:00","tracking_state":"good"},{"adjusted":false,"compass":0.480865478515625,"extrinsics":[-0.008592386730015278,-0.998676061630249,-0.05071815103292465,0.2361730933189392,-0.9296080470085144,0.026666028425097466,-0.36758384108543396,-1.3654026985168457,0.3684495985507965,0.043989576399326324,-0.9286064505577087,-1.269846796989441,0.0,0.0,0.0,0.9999998807907104],"filename":"frame_00000058.jpg","index":58,"latitude":null,"longitude":null,"selected":true,"timestamp":"2022-03-23T12:27:13.899-07:00","tracking_state":"good"},{"adjusted":false,"compass":0.480865478515625,"extrinsics":[-0.01681574434041977,-0.9987579584121704,-0.046901945024728775,0.23887899518013,-0.9255263209342957,0.03329696133732796,-0.3772163987159729,-1.4168044328689575,0.37830954790115356,0.03706582263112068,-0.9249366521835327,-1.2670704126358032,0.0,0.0,0.0,1.0],"filename":"frame_00000059.jpg","index":59,"latitude":null,"longitude":null,"selected":true,"timestamp":"2022-03-23T12:27:13.949-07:00","tracking_state":"good"},{"adjusted":false,"compass":0.480865478515625,"extrinsics":[-0.02382110059261322,-0.9987937211990356,-0.04293794184923172,0.24305236339569092,-0.9218870997428894,0.038560956716537476,-0.38553503155708313,-1.468727469444275,0.38672566413879395,0.03040006384253502,-0.9216936230659485,-1.2683874368667603,0.0,0.0,0.0,1.0],"filename":"frame_00000060.jpg","index":60,"latitude":null,"longitude":null,"selected":true,"timestamp":"2022-03-23T12:27:13.999-07:00","tracking_state":"good"},{"adjusted":false,"compass":3.101104736328125,"extrinsics":[-0.02369655668735504,-0.9983763098716736,-0.05180040001869202,0.23226262629032135,-0.9178469777107239,0.04226292669773102,-0.3946782648563385,-1.5168781280517578,0.396226704120636,0.038192324340343475,-0.9173580408096313,-1.267224907875061,0.0,0.0,0.0,1.0000001192092896],"filename":"frame_00000061.jpg","index":61,"latitude":null,"longitude":null,"selected":true,"timestamp":"2022-03-23T12:27:14.049-07:00","tracking_state":"good"},{"adjusted":false,"compass":3.101104736328125,"extrinsics":[-0.02522323839366436,-0.9981743097305298,-0.05487949028611183,0.22821761667728424,-0.9144049286842346,0.045223016291856766,-0.4022669494152069,-1.5614709854125977,0.40401437878608704,0.04003559425473213,-0.9138761758804321,-1.2704989910125732,0.0,0.0,0.0,1.0000001192092896],"filename":"frame_00000062.jpg","index":62,"latitude":null,"longitude":null,"selected":true,"timestamp":"2022-03-23T12:27:14.099-07:00","tracking_state":"good"},{"adjusted":false,"compass":3.101104736328125,"extrinsics":[-0.02640615403652191,-0.9985172152519226,-0.047604143619537354,0.24299755692481995,-0.9115213751792908,0.043601423501968384,-0.408935010433197,-1.6009323596954346,0.4104042649269104,0.03259379044175148,-0.9113210439682007,-1.2745014429092407,0.0,0.0,0.0,1.0],"filename":"frame_00000063.jpg","index":63,"latitude":null,"longitude":null,"selected":true,"timestamp":"2022-03-23T12:27:14.149-07:00","tracking_state":"good"},{"adjusted":false,"compass":3.101104736328125,"extrinsics":[-0.021562157198786736,-0.9987154603004456,-0.04585273936390877,0.2524176836013794,-0.9091789126396179,0.038664381951093674,-0.4146067500114441,-1.6394685506820679,0.4158470332622528,0.03274853527545929,-0.9088447690010071,-1.2850571870803833,0.0,0.0,0.0,1.0],"filename":"frame_00000064.jpg","index":64,"latitude":null,"longitude":null,"selected":true,"timestamp":"2022-03-23T12:27:14.199-07:00","tracking_state":"good"},{"adjusted":false,"compass":3.101104736328125,"extrinsics":[-0.010264716111123562,-0.99892657995224,-0.04517075791954994,0.2663402557373047,-0.9048165678977966,0.028508910909295082,-0.42484623193740845,-1.6792538166046143,0.4256778955459595,0.036510322242975235,-0.904137909412384,-1.2864876985549927,0.0,0.0,0.0,1.0000001192092896],"filename":"frame_00000065.jpg","index":65,"latitude":null,"longitude":null,"selected":true,"timestamp":"2022-03-23T12:27:14.249-07:00","tracking_state":"good"},{"adjusted":false,"compass":3.101104736328125,"extrinsics":[-0.002839690539985895,-0.998979389667511,-0.04507988318800926,0.27304765582084656,-0.9004392623901367,0.022163061425089836,-0.43441709876060486,-1.7204980850219727,0.4349727928638458,0.03935808688402176,-0.899583101272583,-1.2946501970291138,0.0,0.0,0.0,1.0000001192092896],"filename":"frame_00000066.jpg","index":66,"latitude":null,"longitude":null,"selected":true,"timestamp":"2022-03-23T12:27:14.299-07:00","tracking_state":"good"},{"adjusted":false,"compass":3.101104736328125,"extrinsics":[0.005698404740542173,-0.9989629983901978,-0.04517153650522232,0.2807133197784424,-0.8964280486106873,0.014915477484464645,-0.4429386556148529,-1.7569479942321777,0.44315305352211,0.04301706701517105,-0.895413339138031,-1.3017678260803223,-0.0,0.0,-0.0,1.0],"filename":"frame_00000067.jpg","index":67,"latitude":null,"longitude":null,"selected":true,"timestamp":"2022-03-23T12:27:14.349-07:00","tracking_state":"good"},{"adjusted":false,"compass":3.101104736328125,"extrinsics":[0.01128776278346777,-0.9989948868751526,-0.04338016360998154,0.2879813313484192,-0.894275963306427,0.009324095211923122,-0.4474186897277832,-1.791410207748413,0.44737347960472107,0.04384419694542885,-0.8932718634605408,-1.3200881481170654,-0.0,0.0,-0.0,1.0],"filename":"frame_00000068.jpg","index":68,"latitude":null,"longitude":null,"selected":true,"timestamp":"2022-03-23T12:27:14.398-07:00","tracking_state":"good"},{"adjusted":false,"compass":3.101104736328125,"extrinsics":[0.01745130680501461,-0.9986323714256287,-0.04928572475910187,0.28027164936065674,-0.8921573758125305,0.006700994912534952,-0.45167526602745056,-1.8230838775634766,0.4513876736164093,0.05185294151306152,-0.8908202052116394,-1.338295578956604,-0.0,0.0,-0.0,1.0],"filename":"frame_00000069.jpg","index":69,"latitude":null,"longitude":null,"selected":true,"timestamp":"2022-03-23T12:27:14.448-07:00","tracking_state":"good"},{"adjusted":false,"compass":3.101104736328125,"extrinsics":[0.022451406344771385,-0.997917115688324,-0.060477424412965775,0.2557142972946167,-0.89019376039505,0.0075783077627420425,-0.4555191397666931,-1.8667173385620117,0.4550286531448364,0.0640636682510376,-0.8881692886352539,-1.3701367378234863,-0.0,0.0,-0.0,1.0],"filename":"frame_00000070.jpg","index":70,"latitude":null,"longitude":null,"selected":true,"timestamp":"2022-03-23T12:27:14.515-07:00","tracking_state":"good"},{"adjusted":false,"compass":3.101104736328125,"extrinsics":[0.01893368922173977,-0.9978052973747253,-0.06345175206661224,0.2437465637922287,-0.8902746438980103,0.01205761544406414,-0.4552646279335022,-1.8939229249954224,0.45503050088882446,0.06510931253433228,-0.8880923986434937,-1.3978556394577026,-0.0,0.0,-0.0,1.0000001192092896],"filename":"frame_00000071.jpg","index":71,"latitude":null,"longitude":null,"selected":true,"timestamp":"2022-03-23T12:27:14.565-07:00","tracking_state":"good"},{"adjusted":false,"compass":4.194061279296875,"extrinsics":[0.020295480266213417,-0.9968369007110596,-0.07683932781219482,0.215923011302948,-0.8899524211883545,0.017010249197483063,-0.4557361602783203,-1.9279171228408813,0.4556017518043518,0.07763272523880005,-0.8867921829223633,-1.4275184869766235,-0.0,0.0,-0.0,1.0],"filename":"frame_00000072.jpg","index":72,"latitude":null,"longitude":null,"selected":true,"timestamp":"2022-03-23T12:27:14.615-07:00","tracking_state":"good"},{"adjusted":false,"compass":4.194061279296875,"extrinsics":[0.01848425902426243,-0.995540976524353,-0.09250128269195557,0.17997336387634277,-0.8936268091201782,0.0250445157289505,-0.448111355304718,-1.9423800706863403,0.4484299123287201,0.09094462543725967,-0.8891792297363281,-1.4701370000839233,-0.0,0.0,-0.0,1.0],"filename":"frame_00000073.jpg","index":73,"latitude":null,"longitude":null,"selected":true,"timestamp":"2022-03-23T12:27:14.665-07:00","tracking_state":"good"},{"adjusted":false,"compass":4.194061279296875,"extrinsics":[0.009808062575757504,-0.9954745769500732,-0.09452135115861893,0.16653703153133392,-0.8944683074951172,0.03352324292063713,-0.4458731412887573,-1.9677722454071045,0.44702404737472534,0.088919498026371,-0.8900916576385498,-1.500853180885315,-0.0,0.0,-0.0,1.0000001192092896],"filename":"frame_00000074.jpg","index":74,"latitude":null,"longitude":null,"selected":true,"timestamp":"2022-03-23T12:27:14.715-07:00","tracking_state":"good"},{"adjusted":false,"compass":5.19549560546875,"extrinsics":[0.0053420476615428925,-0.9951751828193665,-0.09796851873397827,0.15601259469985962,-0.8927000761032104,0.0394018180668354,-0.4489253759384155,-1.9993829727172852,0.45061957836151123,0.08985467255115509,-0.8881824612617493,-1.51908278465271,-0.0,0.0,-0.0,1.0],"filename":"frame_00000075.jpg","index":75,"latitude":null,"longitude":null,"selected":true,"timestamp":"2022-03-23T12:27:14.765-07:00","tracking_state":"good"},{"adjusted":false,"compass":5.19549560546875,"extrinsics":[0.0009212050936184824,-0.9960591197013855,-0.08868763595819473,0.17166413366794586,-0.8884729146957397,0.039886053651571274,-0.4571925699710846,-2.04263973236084,0.4589281976222992,0.07921771705150604,-0.8849348425865173,-1.5249658823013306,-0.0,0.0,-0.0,1.0000001192092896],"filename":"frame_00000076.jpg","index":76,"latitude":null,"longitude":null,"selected":true,"timestamp":"2022-03-23T12:27:14.815-07:00","tracking_state":"good"},{"adjusted":false,"compass":5.19549560546875,"extrinsics":[0.00019519220222719014,-0.9971931576728821,-0.0748714804649353,0.2049567997455597,-0.8838424682617188,0.03485171124339104,-0.46648481488227844,-2.0833187103271484,0.46778491139411926,0.06626564264297485,-0.881354808807373,-1.5260348320007324,-0.0,0.0,-0.0,1.0000001192092896],"filename":"frame_00000077.jpg","index":77,"latitude":null,"longitude":null,"selected":true,"timestamp":"2022-03-23T12:27:14.865-07:00","tracking_state":"good"},{"adjusted":false,"compass":5.19549560546875,"extrinsics":[0.008535502478480339,-0.9976004362106323,-0.06870655715465546,0.23177340626716614,-0.8775149583816528,0.025472769513726234,-0.4788726270198822,-2.129091501235962,0.4794735610485077,0.06437843292951584,-0.8751917481422424,-1.5197783708572388,-0.0,0.0,-0.0,1.0000001192092896],"filename":"frame_00000078.jpg","index":78,"latitude":null,"longitude":null,"selected":true,"timestamp":"2022-03-23T12:27:14.915-07:00","tracking_state":"good"},{"adjusted":false,"compass":5.19549560546875,"extrinsics":[0.01879764162003994,-0.9976793527603149,-0.06544198095798492,0.2540073096752167,-0.8695243000984192,0.01599631831049919,-0.49363112449645996,-2.1774890422821045,0.4935323894023895,0.06618250161409378,-0.8672057390213013,-1.5044280290603638,-0.0,0.0,-0.0,1.0],"filename":"frame_00000079.jpg","index":79,"latitude":null,"longitude":null,"selected":true,"timestamp":"2022-03-23T12:27:14.965-07:00","tracking_state":"good"},{"adjusted":false,"compass":5.19549560546875,"extrinsics":[0.026580501347780228,-0.9978017210960388,-0.06070655956864357,0.2759363353252411,-0.8658861517906189,0.00736513826996088,-0.5001870393753052,-2.2144973278045654,0.4995344877243042,0.06586018949747086,-0.8637868762016296,-1.507959008216858,-0.0,0.0,-0.0,1.0000001192092896],"filename":"frame_00000080.jpg","index":80,"latitude":null,"longitude":null,"selected":true,"timestamp":"2022-03-23T12:27:15.015-07:00","tracking_state":"good"},{"adjusted":false,"compass":5.19549560546875,"extrinsics":[0.033321209251880646,-0.9980752468109131,-0.052303049713373184,0.30530208349227905,-0.8614267110824585,-0.0021443648729473352,-0.5078774690628052,-2.252272367477417,0.5067877769470215,0.061978332698345184,-0.8598400354385376,-1.5040638446807861,-0.0,0.0,0.0,1.0],"filename":"frame_00000081.jpg","index":