{"app":"ARDK Examples","autofocus":1,"coordinates":"opengl","duration":22.11005187034607,"formatVersion":"1","frameCount":442,"framerate":20.0,"frames":[{"image":"frame_00000000.jpg","intrinsics":[550.5142822265625,550.5142822265625,353.58331298828125,271.43914794921875,101.78968048095703],"location":{"heading":335.645263671875,"headingAccuracy":0.0,"headingTimestamp":1648063630.9136639},"pose":[-0.07861308008432388,0.10113616287708282,-0.06469716131687164,-0.14388814568519592,-0.1855945736169815,-0.6792927980422974,0.6952784657478333],"pose4x4":[0.008231851272284985,-0.8911855816841125,0.45356419682502747,0.0,0.9980050325393677,0.03571496531367302,0.05206149071455002,-0.0,-0.06259547919034958,0.4522308111190796,0.8897017240524292,-0.0,-0.07861308008432388,0.10113616287708282,-0.06469716131687164,1.0],"projection":[1.529206395149231,0.0,0.0,0.0,0.0,2.0389418601989746,0.0,0.0,0.017303287982940674,0.006024658679962158,-0.9999997615814209,-1.0,0.0,0.0,-0.0009999998146668077,0.0],"resolution":[720,540],"saveDuration":0.005180958192795515,"sequence":0,"timestamp":1648063631.0,"tracking":2,"trackingReason":0},{"image":"frame_00000001.jpg","intrinsics":[550.294677734375,550.294677734375,353.45269775390625,271.32568359375,101.74713134765625],"location":{"heading":338.8568115234375,"headingAccuracy":0.0,"headingTimestamp":1648063631.072465},"pose":[-0.08130627870559692,0.10274600982666016,-0.07153088599443436,-0.13724614679813385,-0.1832522302865982,-0.6840032935142517,0.6926193237304688],"pose4x4":[-0.0028840492013841867,-0.8972065448760986,0.4416017234325409,0.0,0.9978092312812805,0.02660571224987507,0.06057165563106537,-0.0,-0.06609442085027695,0.4408090114593506,0.8951642513275146,-0.0,-0.08130627870559692,0.10274600982666016,-0.07153088599443436,1.0],"projection":[1.52859628200531,0.0,0.0,0.0,0.0,2.03812837600708,0.0,0.0,0.017666101455688477,0.005604386329650879,-0.9999997615814209,-1.0,0.0,0.0,-0.0009999998146668077,0.0],"resolution":[720,540],"saveDuration":0.006053959019482136,"sequence":1,"timestamp":1648063631.049985,"tracking":2,"trackingReason":0},{"image":"frame_00000002.jpg","intrinsics":[551.8321533203125,551.8321533203125,353.343994140625,271.0091857910156,101.62844848632813],"location":{"heading":338.8568115234375,"headingAccuracy":0.0,"headingTimestamp":1648063631.072465},"pose":[-0.08456745743751526,0.10426853597164154,-0.08043572306632996,-0.12547466158866882,-0.1850689798593521,-0.6849992871284485,0.6933841705322266],"pose4x4":[-0.006948987487703562,-0.9034923911094666,0.42854785919189453,0.0,0.9963783025741577,0.03006429597735405,0.0795399397611618,-0.0,-0.08474774658679962,0.42754852771759033,0.9000113010406494,-0.0,-0.08456745743751526,0.10426853597164154,-0.08043572306632996,1.0],"projection":[1.5328670740127563,0.0,0.0,0.0,0.0,2.043822765350342,0.0,0.0,0.01796811819076538,0.0044321417808532715,-0.9999997615814209,-1.0,0.0,0.0,-0.0009999998146668077,0.0],"resolution":[720,540],"saveDuration":0.005825500003993511,"sequence":2,"timestamp":1648063631.09997,"tracking":2,"trackingReason":0},{"image":"frame_00000003.jpg","intrinsics":[551.3928833007813,551.3928833007813,353.3652038574219,271.1206970214844,101.67025756835938],"location":{"heading":338.8568115234375,"headingAccuracy":0.0,"headingTimestamp":1648063631.072465},"pose":[-0.08669373393058777,0.10548561066389084,-0.09089735150337219,-0.12075681984424591,-0.18834277987480164,-0.6848865151405334,0.6934517025947571],"pose4x4":[-0.009085183031857014,-0.9043840765953064,0.4266226887702942,0.0,0.9953587651252747,0.032696399837732315,0.0905088260769844,-0.0,-0.09580378234386444,0.4254648983478546,0.8998896479606628,-0.0,-0.08669373393058777,0.10548561066389084,-0.09089735150337219,0.9999998807907104],"projection":[1.5316468477249146,0.0,0.0,0.0,0.0,2.0421957969665527,0.0,0.0,0.01790916919708252,0.0048452019691467285,-0.9999997615814209,-1.0,0.0,0.0,-0.0009999998146668077,0.0],"resolution":[720,540],"saveDuration":0.007068917155265808,"sequence":3,"timestamp":1648063631.149955,"tracking":2,"trackingReason":0},{"image":"frame_00000004.jpg","intrinsics":[550.73388671875,550.73388671875,353.364990234375,271.23968505859375,101.71488189697266],"location":{"heading":338.8568115234375,"headingAccuracy":0.0,"headingTimestamp":1648063631.072465},"pose":[-0.08860255032777786,0.10768640041351318,-0.10306926816701889,-0.13312004506587982,-0.18662630021572113,-0.6836274266242981,0.6928948163986206],"pose4x4":[-0.004351684357970953,-0.8976763486862183,0.4406338334083557,0.0,0.9970512390136719,0.029865166172385216,0.07068932801485062,-0.0,-0.07661574333906174,0.439642071723938,0.8948993682861328,-0.0,-0.08860255032777786,0.10768640041351318,-0.10306926816701889,1.0],"projection":[1.5298163890838623,0.0,0.0,0.0,0.0,2.039755344390869,0.0,0.0,0.017909765243530273,0.005285799503326416,-0.9999997615814209,-1.0,0.0,0.0,-0.0009999998146668077,0.0],"resolution":[720,540],"saveDuration":0.005844667088240385,"sequence":4,"timestamp":1648063631.1999404,"tracking":2,"trackingReason":0},{"image":"frame_00000005.jpg","intrinsics":[550.074951171875,550.074951171875,353.2799072265625,271.0246276855469,101.63423156738281],"location":{"heading":339.17822265625,"headingAccuracy":0.0,"headingTimestamp":1648063631.271133},"pose":[-0.08920751512050629,0.1086810827255249,-0.11809662729501724,-0.1420232057571411,-0.18871670961380005,-0.6801031827926636,0.6940280795097351],"pose4x4":[0.003691178048029542,-0.8904171586036682,0.45513027906417847,0.0,0.9976258277893066,0.034577980637550354,0.059557490050792694,-0.0,-0.06876850873231888,0.45382988452911377,0.8884308338165283,-0.0,-0.08920751512050629,0.1086810827255249,-0.11809662729501724,1.0],"projection":[1.5279860496520996,0.0,0.0,0.0,0.0,2.0373146533966064,0.0,0.0,0.018146157264709473,0.0044893622398376465,-0.9999997615814209,-1.0,0.0,0.0,-0.0009999998146668077,0.0],"resolution":[720,540],"saveDuration":0.006765834055840969,"sequence":5,"timestamp":1648063631.2499244,"tracking":2,"trackingReason":0},{"image":"frame_00000006.jpg","intrinsics":[550.9535522460938,550.9535522460938,353.23236083984375,271.2373046875,101.7139892578125],"location":{"heading":339.17822265625,"headingAccuracy":0.0,"headingTimestamp":1648063631.271133},"pose":[-0.08901489526033401,0.10953127592802048,-0.13524140417575836,-0.14018680155277252,-0.1895395815372467,-0.6785262227058411,0.6957187056541443],"pose4x4":[0.007353723049163818,-0.8909848928451538,0.45397332310676575,0.0,0.9972686767578125,0.0398995578289032,0.06215401366353035,-0.0,-0.07349161803722382,0.452276349067688,0.8888447880744934,-0.0,-0.08901489526033401,0.10953127592802048,-0.13524140417575836,0.9999999403953552],"projection":[1.5304265022277832,0.0,0.0,0.0,0.0,2.0405688285827637,0.0,0.0,0.018278181552886963,0.005276978015899658,-0.9999997615814209,-1.0,0.0,0.0,-0.0009999998146668077,0.0],"resolution":[720,540],"saveDuration":0.005865999963134527,"sequence":6,"timestamp":1648063631.2999105,"tracking":2,"trackingReason":0},{"image":"frame_00000007.jpg","intrinsics":[550.9535522460938,550.9535522460938,353.2347412109375,271.1568603515625,101.68382263183594],"location":{"heading":339.17822265625,"headingAccuracy":0.0,"headingTimestamp":1648063631.271133},"pose":[-0.08760301768779755,0.11039969325065613,-0.15308460593223572,-0.13584809005260468,-0.1933339536190033,-0.6761308312416077,0.6978642344474792],"pose4x4":[0.010938363149762154,-0.8911669254302979,0.45354384183883667,0.0,0.9962231516838074,0.04878498613834381,0.07183101773262024,-0.0,-0.08613955974578857,0.45104512572288513,0.8883346915245056,-0.0,-0.08760301768779755,0.11039969325065613,-0.15308460593223572,1.0],"projection":[1.5304265022277832,0.0,0.0,0.0,0.0,2.0405688285827637,0.0,0.0,0.01827150583267212,0.004979133605957031,-0.9999997615814209,-1.0,0.0,0.0,-0.0009999998146668077,0.0],"resolution":[720,540],"saveDuration":0.006856624968349934,"sequence":7,"timestamp":1648063631.3498957,"tracking":2,"trackingReason":0},{"image":"frame_00000008.jpg","intrinsics":[550.9535522460938,550.9535522460938,353.15740966796875,270.86102294921875,101.57288360595703],"location":{"heading":339.17822265625,"headingAccuracy":0.0,"headingTimestamp":1648063631.271133},"pose":[-0.08505455404520035,0.1109066754579544,-0.1743060052394867,-0.1334395408630371,-0.19697242975234985,-0.673420250415802,0.6999292373657227],"pose4x4":[0.015414120629429817,-0.8901252150535583,0.45545530319213867,0.0,0.9952608942985535,0.05739816650748253,0.07849395275115967,-0.0,-0.09601175040006638,0.4520869255065918,0.8867915272712708,-0.0,-0.08505455404520035,0.1109066754579544,-0.1743060052394867,1.0],"projection":[1.5304265022277832,0.0,0.0,0.0,0.0,2.0405688285827637,0.0,0.0,0.018486320972442627,0.00388336181640625,-0.9999997615814209,-1.0,0.0,0.0,-0.0009999998146668077,0.0],"resolution":[720,540],"saveDuration":0.00594529090449214,"sequence":8,"timestamp":1648063631.3998806,"tracking":2,"trackingReason":0},{"image":"frame_00000009.jpg","intrinsics":[550.5142822265625,550.5142822265625,353.11029052734375,271.12408447265625,101.6715316772461],"location":{"heading":339.17822265625,"headingAccuracy":0.0,"headingTimestamp":1648063631.271133},"pose":[-0.0824902355670929,0.11042894423007965,-0.1972455382347107,-0.1333281695842743,-0.19956029951572418,-0.6721436977386475,0.7004443407058716],"pose4x4":[0.016797274351119995,-0.8883844614028931,0.45879310369491577,0.0,0.9948124885559082,0.06089311093091965,0.0814884752035141,-0.0,-0.10033044219017029,0.45504429936408997,0.8847987055778503,-0.0,-0.0824902355670929,0.11042894423007965,-0.1972455382347107,1.0],"projection":[1.529206395149231,0.0,0.0,0.0,0.0,2.0389418601989746,0.0,0.0,0.01861727237701416,0.0048577189445495605,-0.9999997615814209,-1.0,0.0,0.0,-0.0009999998146668077,0.0],"resolution":[720,540],"saveDuration":0.0063981250859797,"sequence":9,"timestamp":1648063631.4498658,"tracking":2,"trackingReason":0},{"image":"frame_00000010.jpg","intrinsics":[549.8553466796875,549.8553466796875,353.0705261230469,271.0895080566406,101.6585693359375],"location":{"heading":339.17822265625,"headingAccuracy":0.0,"headingTimestamp":1648063631.271133},"pose":[-0.08081157505512238,0.11021717637777328,-0.22050027549266815,-0.13403825461864471,-0.19596530497074127,-0.67240971326828,0.701068103313446],"pose4x4":[0.018925538286566734,-0.890276312828064,0.4550272822380066,0.0,0.9953436851501465,0.05979781970381737,0.07559802383184433,-0.0,-0.09451279789209366,0.4514778256416321,0.8872626423835754,-0.0,-0.08081157505512238,0.11021717637777328,-0.22050027549266815,0.9999999403953552],"projection":[1.5273759365081787,0.0,0.0,0.0,0.0,2.036501169204712,0.0,0.0,0.018727660179138184,0.004729628562927246,-0.9999997615814209,-1.0,0.0,0.0,-0.0009999998146668077,0.0],"resolution":[720,540],"saveDuration":0.0057219588197767735,"sequence":10,"timestamp":1648063631.499851,"tracking":2,"trackingReason":0},{"image":"frame_00000011.jpg","intrinsics":[551.6124877929688,551.6124877929688,353.08148193359375,270.8629150390625,101.57359313964844],"location":{"heading":339.17822265625,"headingAccuracy":0.0,"headingTimestamp":1648063631.271133},"pose":[-0.07869923859834671,0.1102147102355957,-0.24549445509910583,-0.12884670495986938,-0.18895377218723297,-0.6732865571975708,0.7031217813491821],"pose4x4":[0.021963484585285187,-0.8981127142906189,0.4392165243625641,0.0,0.9954970479011536,0.06016760319471359,0.07325021177530289,-0.0,-0.09221355617046356,0.4356299042701721,0.895389974117279,-0.0,-0.07869923859834671,0.1102147102355957,-0.24549445509910583,1.0],"projection":[1.5322569608688354,0.0,0.0,0.0,0.0,2.0430092811584473,0.0,0.0,0.01869720220565796,0.003890395164489746,-0.9999997615814209,-1.0,0.0,0.0,-0.0009999998146668077,0.0],"resolution":[720,540],"saveDuration":0.006260499823838472,"sequence":11,"timestamp":1648063631.5498345,"tracking":2,"trackingReason":0},{"image":"frame_00000012.jpg","intrinsics":[550.074951171875,550.074951171875,353.05328369140625,271.10406494140625,101.66402435302734],"location":{"heading":339.17822265625,"headingAccuracy":0.0,"headingTimestamp":1648063631.271133},"pose":[-0.07507730275392532,0.1107688695192337,-0.2750459909439087,-0.12819969654083252,-0.18232248723506927,-0.6764946579933167,0.7019104957580566],"pose4x4":[0.01822705566883087,-0.9029300212860107,0.4294009208679199,0.0,0.9964247345924377,0.05183970555663109,0.0667109340429306,-0.0,-0.08249533176422119,0.4266497790813446,0.9006467461585999,-0.0,-0.07507730275392532,0.1107688695192337,-0.2750459909439087,1.0],"projection":[1.5279860496520996,0.0,0.0,0.0,0.0,2.0373146533966064,0.0,0.0,0.018775582313537598,0.004783570766448975,-0.9999997615814209,-1.0,0.0,0.0,-0.0009999998146668077,0.0],"resolution":[720,540],"saveDuration":0.005776042118668556,"sequence":12,"timestamp":1648063631.599821,"tracking":2,"trackingReason":0},{"image":"frame_00000013.jpg","intrinsics":[550.5142822265625,550.5142822265625,353.0048828125,271.034423828125,101.63790893554688],"location":{"heading":339.17822265625,"headingAccuracy":0.0,"headingTimestamp":1648063631.271133},"pose":[-0.07055909931659698,0.1125243529677391,-0.30526313185691833,-0.12109067291021347,-0.1770167052745819,-0.678788959980011,0.7023159265518188],"pose4x4":[0.01582116261124611,-0.9105784296989441,0.4130333364009857,0.0,0.9963187575340271,0.04916507750749588,0.07022615522146225,-0.0,-0.08425324410200119,0.4104017913341522,0.9080042839050293,-0.0,-0.07055909931659698,0.1125243529677391,-0.30526313185691833,0.9999999403953552],"projection":[1.529206395149231,0.0,0.0,0.0,0.0,2.0389418601989746,0.0,0.0,0.018910109996795654,0.004525601863861084,-0.9999997615814209,-1.0,0.0,0.0,-0.0009999998146668077,0.0],"resolution":[720,540],"saveDuration":0.007373291067779064,"sequence":13,"timestamp":1648063631.6498063,"tracking":2,"trackingReason":0},{"image":"frame_00000014.jpg","intrinsics":[550.9535522460938,550.9535522460938,352.9754638671875,271.0906066894531,101.65898132324219],"location":{"heading":339.17822265625,"headingAccuracy":0.0,"headingTimestamp":1648063631.271133},"pose":[-0.06622404605150223,0.11640264838933945,-0.33637261390686035,-0.11258567869663239,-0.17124173045158386,-0.6813925504684448,0.7026414275169373],"pose4x4":[0.01276096235960722,-0.918990433216095,0.39407312870025635,0.0,0.9961079955101013,0.04605735465884209,0.07515095919370651,-0.0,-0.08721297979354858,0.39158040285110474,0.9160014986991882,-0.0,-0.06622404605150223,0.11640264838933945,-0.33637261390686035,0.9999999403953552],"projection":[1.5304265022277832,0.0,0.0,0.0,0.0,2.0405688285827637,0.0,0.0,0.01899176836013794,0.004733681678771973,-0.9999997615814209,-1.0,0.0,0.0,-0.0009999998146668077,0.0],"resolution":[720,540],"saveDuration":0.006058624945580959,"sequence":14,"timestamp":1648063631.6997914,"tracking":2,"trackingReason":0},{"image":"frame_00000015.jpg","intrinsics":[550.5142822265625,550.5142822265625,352.9788513183594,270.9187927246094,101.59454345703125],"location":{"heading":339.17822265625,"headingAccuracy":0.0,"headingTimestamp":1648063631.271133},"pose":[-0.06109774857759476,0.12058810889720917,-0.3711261451244354,-0.11183410882949829,-0.1707625389099121,-0.6823480725288391,0.7019504308700562],"pose4x4":[0.010482477024197578,-0.9197548627853394,0.39235323667526245,0.0,0.9961431622505188,0.04378842934966087,0.07603497803211212,-0.0,-0.08711408823728561,0.3900429904460907,0.916666567325592,-0.0,-0.06109774857759476,0.12058810889720917,-0.3711261451244354,1.0],"projection":[1.529206395149231,0.0,0.0,0.0,0.0,2.0389418601989746,0.0,0.0,0.018982350826263428,0.004097402095794678,-0.9999997615814209,-1.0,0.0,0.0,-0.0009999998146668077,0.0],"resolution":[720,540],"saveDuration":0.006418874952942133,"sequence":15,"timestamp":1648063631.7497754,"tracking":2,"trackingReason":0},{"image":"frame_00000016.jpg","intrinsics":[548.5375366210938,548.5375366210938,352.94427490234375,271.11444091796875,101.66791534423828],"location":{"heading":339.17822265625,"headingAccuracy":0.0,"headingTimestamp":1648063631.271133},"pose":[-0.05581873282790184,0.12590700387954712,-0.4074067771434784,-0.11688607186079025,-0.1722014844417572,-0.6833940744400024,0.6997548341751099],"pose4x4":[0.006638293620198965,-0.9161607623100281,0.40075618028640747,0.0,0.9966725707054138,0.03862028568983078,0.0717797726392746,-0.0,-0.08123912662267685,0.3989461362361908,0.9133686423301697,-0.0,-0.05581873282790184,0.12590700387954712,-0.4074067771434784,1.0],"projection":[1.5237153768539429,0.0,0.0,0.0,0.0,2.031620502471924,0.0,0.0,0.019078373908996582,0.004821956157684326,-0.9999997615814209,-1.0,0.0,0.0,-0.0009999998146668077,0.0],"resolution":[720,540],"saveDuration":0.005661250092089176,"sequence":16,"timestamp":1648063631.7997615,"tracking":2,"trackingReason":0},{"image":"frame_00000017.jpg","intrinsics":[549.4160766601563,549.4160766601563,352.8487548828125,271.0345153808594,101.637939453125],"location":{"heading":339.17822265625,"headingAccuracy":0.0,"headingTimestamp":1648063631.271133},"pose":[-0.052180126309394836,0.13220372796058655,-0.4414108991622925,-0.11448489874601364,-0.16478891670703888,-0.6847701072692871,0.7005909085273743],"pose4x4":[0.007868840359151363,-0.9217557907104492,0.3876909017562866,0.0,0.9972191452980042,0.03596602380275726,0.06527090817689896,-0.0,-0.07410755008459091,0.3860992193222046,0.9194756150245667,-0.0,-0.052180126309394836,0.13220372796058655,-0.4414108991622925,0.9999999403953552],"projection":[1.526155710220337,0.0,0.0,0.0,0.0,2.034874200820923,0.0,0.0,0.019343674182891846,0.004526019096374512,-0.9999997615814209,-1.0,0.0,0.0,-0.0009999998146668077,0.0],"resolution":[720,540],"saveDuration":0.005974709056317806,"sequence":17,"timestamp":1648063631.8497462,"tracking":2,"trackingReason":0},{"image":"frame_00000018.jpg","intrinsics":[551.1732177734375,551.1732177734375,352.71832275390625,271.16156005859375,101.68558502197266],"location":{"heading":339.17822265625,"headingAccuracy":0.0,"headingTimestamp":1648063631.271133},"pose":[-0.05146792531013489,0.13910961151123047,-0.47364944219589233,-0.1038050428032875,-0.15312427282333374,-0.6843746900558472,0.7052721381187439],"pose4x4":[0.016368405893445015,-0.9335506558418274,0.3580716848373413,0.0,0.9971310496330261,0.041711512953042984,0.06316715478897095,-0.0,-0.07390545308589935,0.356010377407074,0.9315550327301025,-0.0,-0.05146792531013489,0.13910961151123047,-0.47364944219589233,1.0],"projection":[1.5310367345809937,0.0,0.0,0.0,0.0,2.041382312774658,0.0,0.0,0.01970607042312622,0.004996597766876221,-0.9999997615814209,-1.0,0.0,0.0,-0.0009999998146668077,0.0],"resolution":[720,540],"saveDuration":0.0057762921787798405,"sequence":18,"timestamp":1648063631.8997319,"tracking":2,"trackingReason":0},{"image":"frame_00000019.jpg","intrinsics":[549.8553466796875,549.8553466796875,352.7207946777344,271.09857177734375,101.6619644165039],"location":{"heading":339.17822265625,"headingAccuracy":0.0,"headingTimestamp":1648063631.271133},"pose":[-0.05350459739565849,0.14485715329647064,-0.507864236831665,-0.09732469171285629,-0.1481078863143921,-0.6819968819618225,0.7095577716827393],"pose4x4":[0.025888562202453613,-0.9390032291412354,0.3429325222969055,0.0,0.9966615438461304,0.05081626772880554,0.06390326470136642,-0.0,-0.07743192464113235,0.34013324975967407,0.9371839761734009,-0.0,-0.05350459739565849,0.14485715329647064,-0.507864236831665,1.0],"projection":[1.5273759365081787,0.0,0.0,0.0,0.0,2.036501169204712,0.0,0.0,0.019699156284332275,0.004763185977935791,-0.9999997615814209,-1.0,0.0,0.0,-0.0009999998146668077,0.0],"resolution":[720,540],"saveDuration":0.006021583918482065,"sequence":19,"timestamp":1648063631.949717,"tracking":2,"trackingReason":0},{"image":"frame_00000020.jpg","intrinsics":[549.4160766601563,549.4160766601563,352.76629638671875,271.2049255371094,101.70184326171875],"location":{"heading":339.17822265625,"headingAccuracy":0.0,"headingTimestamp":1648063631.271133},"pose":[-0.05687342584133148,0.15143905580043793,-0.5415381789207458,-0.09137918055057526,-0.14907976984977722,-0.679663360118866,0.7123782634735107],"pose4x4":[0.03166593983769417,-0.941109299659729,0.33661651611328125,0.0,0.9956003427505493,0.05941517651081085,0.07245500385761261,-0.0,-0.08818821609020233,0.332841157913208,0.9388502240180969,-0.0,-0.05687342584133148,0.15143905580043793,-0.5415381789207458,1.0],"projection":[1.526155710220337,0.0,0.0,0.0,0.0,2.034874200820923,0.0,0.0,0.019572794437408447,0.005157113075256348,-0.9999997615814209,-1.0,0.0,0.0,-0.0009999998146668077,0.0],"resolution":[720,540],"saveDuration":0.005688040982931852,"sequence":20,"timestamp":1648063631.9997022,"tracking":2,"trackingReason":0},{"image":"frame_00000021.jpg","intrinsics":[548.5375366210938,548.5375366210938,352.9053039550781,271.3290710449219,101.74839782714844],"location":{"heading":339.17822265625,"headingAccuracy":0.0,"headingTimestamp":1648063631.271133},"pose":[-0.06234630197286606,0.1591627597808838,-0.5736243724822998,-0.08536621183156967,-0.14720608294010162,-0.6806976199150085,0.712526261806488],"pose4x4":[0.029962142929434776,-0.9448970556259155,0.32599353790283203,0.0,0.9951627254486084,0.05872661992907524,0.07875431329011917,-0.0,-0.09355925023555756,0.32205697894096375,0.9420860409736633,-0.0,-0.06234630197286606,0.1591627597808838,-0.5736243724822998,1.0],"projection":[1.5237153768539429,0.0,0.0,0.0,0.0,2.031620502471924,0.0,0.0,0.019186675548553467,0.005616903305053711,-0.9999997615814209,-1.0,0.0,0.0,-0.0009999998146668077,0.0],"resolution":[720,540],"saveDuration":0.006710208021104336,"sequence":21,"timestamp":1648063632.0496862,"tracking":2,"trackingReason":0},{"image":"frame_00000022.jpg","intrinsics":[550.074951171875,550.074951171875,352.821044921875,271.457275390625,101.79647827148438],"location":{"heading":339.17822265625,"headingAccuracy":0.0,"headingTimestamp":1648063631.271133},"pose":[-0.06959965825080872,0.16629187762737274,-0.6027304530143738,-0.07184293866157532,-0.14210279285907745,-0.6836344003677368,0.7122425436973572],"pose4x4":[0.024901578202843666,-0.9534087777137756,0.3006519079208374,0.0,0.9942451119422913,0.054965171962976456,0.09195353835821152,-0.0,-0.10419469326734543,0.29663193225860596,0.9492907524108887,-0.0,-0.06959965825080872,0.16629187762737274,-0.6027304530143738,0.9999999403953552],"projection":[1.5279860496520996,0.0,0.0,0.0,0.0,2.0373146533966064,0.0,0.0,0.019420742988586426,0.0060918331146240234,-0.9999997615814209,-1.0,0.0,0.0,-0.0009999998146668077,0.0],"resolution":[720,540],"saveDuration":0.006199665833264589,"sequence":22,"timestamp":1648063632.0996723,"tracking":2,"trackingReason":0},{"image":"frame_00000023.jpg","intrinsics":[550.73388671875,550.73388671875,352.7431335449219,271.5955505371094,101.84832763671875],"location":{"heading":340.3343505859375,"headingAccuracy":0.0,"headingTimestamp":1648063632.18394},"pose":[-0.07862407714128494,0.17325729131698608,-0.6315628886222839,-0.05999687686562538,-0.13686008751392365,-0.6863600611686707,0.7117440104484558],"pose4x4":[0.020358245819807053,-0.9606029987335205,0.2771776020526886,0.0,0.9934476613998413,0.050620369613170624,0.10246579349040985,-0.0,-0.11245978623628616,0.2732754647731781,0.9553394317626953,-0.0,-0.07862407714128494,0.17325729131698608,-0.6315628886222839,1.0],"projection":[1.5298163890838623,0.0,0.0,0.0,0.0,2.039755344390869,0.0,0.0,0.019637107849121094,0.006603896617889404,-0.9999997615814209,-1.0,0.0,0.0,-0.0009999998146668077,0.0],"resolution":[720,540],"saveDuration":0.006462291814386845,"sequence":23,"timestamp":1648063632.1496563,"tracking":2,"trackingReason":0},{"image":"frame_00000024.jpg","intrinsics":[550.73388671875,550.73388671875,352.82135009765625,271.648193359375,101.86807250976563],"location":{"heading":340.3343505859375,"headingAccuracy":0.0,"headingTimestamp":1648063632.18394},"pose":[-0.09017372876405716,0.17905014753341675,-0.6622810959815979,-0.04907829314470291,-0.1352139562368393,-0.6877629160881042,0.7115410566329956],"pose4x4":[0.017398765310645103,-0.9654709696769714,0.25992900133132935,0.0,0.9920153021812439,0.04914702847599983,0.11614781618118286,-0.0,-0.12491211295127869,0.255832701921463,0.958617091178894,-0.0,-0.09017372876405716,0.17905014753341675,-0.6622810959815979,0.9999999403953552],"projection":[1.5298163890838623,0.0,0.0,0.0,0.0,2.039755344390869,0.0,0.0,0.019419848918914795,0.006798863410949707,-0.9999997615814209,-1.0,0.0,0.0,-0.0009999998146668077,0.0],"resolution":[720,540],"saveDuration":0.006795667111873627,"sequence":24,"timestamp":1648063632.199642,"tracking":2,"trackingReason":0},{"image":"frame_00000025.jpg","intrinsics":[550.294677734375,550.294677734375,352.7975158691406,271.8263244628906,101.93487548828125],"location":{"heading":340.3343505859375,"headingAccuracy":0.0,"headingTimestamp":1648063632.18394},"pose":[-0.103653684258461,0.18421053886413574,-0.6934829950332642,-0.03974159061908722,-0.13420476019382477,-0.6902185082435608,0.7099353075027466],"pose4x4":[0.01117513794451952,-0.9693539142608643,0.2454141527414322,0.0,0.9906880259513855,0.044038187712430954,0.12883329391479492,-0.0,-0.13569264113903046,0.24168913066387177,0.9608194231987,-0.0,-0.103653684258461,0.18421053886413574,-0.6934829950332642,1.0],"projection":[1.52859628200531,0.0,0.0,0.0,0.0,2.03812837600708,0.0,0.0,0.019486069679260254,0.0074585676193237305,-0.9999997615814209,-1.0,0.0,0.0,-0.0009999998146668077,0.0],"resolution":[720,540],"saveDuration":0.007749749813228846,"sequence":25,"timestamp":1648063632.249627,"tracking":2,"trackingReason":0},{"image":"frame_00000026.jpg","intrinsics":[549.8553466796875,549.8553466796875,352.842529296875,271.6297607421875,101.86116027832031],"location":{"heading":342.745849609375,"headingAccuracy":0.0,"headingTimestamp":1648063632.322978},"pose":[-0.12054575979709625,0.18971578776836395,-0.726588249206543,-0.02960403449833393,-0.13332130014896393,-0.6917643547058105,0.7090917825698853],"pose4x4":[0.007375156506896019,-0.9731550812721252,0.2300320863723755,0.0,0.9889425039291382,0.04117148369550705,0.1424698531627655,-0.0,-0.14811603724956512,0.2264377623796463,0.9626980423927307,-0.0,-0.12054575979709625,0.18971578776836395,-0.726588249206543,0.9999999403953552],"projection":[1.5273759365081787,0.0,0.0,0.0,0.0,2.036501169204712,0.0,0.0,0.01936095952987671,0.00673067569732666,-0.9999997615814209,-1.0,0.0,0.0,-0.0009999998146668077,0.0],"resolution":[720,540],"saveDuration":0.005670041777193546,"sequence":26,"timestamp":1648063632.2996128,"tracking":2,"trackingReason":0},{"image":"frame_00000027.jpg","intrinsics":[548.976806640625,548.976806640625,352.8919372558594,271.84136962890625,101.94051361083984],"location":{"heading":342.745849609375,"headingAccuracy":0.0,"headingTimestamp":1648063632.322978},"pose":[-0.1397358626127243,0.1956057995557785,-0.7570950984954834,-0.01795310340821743,-0.1314016580581665,-0.6939557790756226,0.7076981663703918],"pose4x4":[0.002318144543096423,-0.977504312992096,0.21090272068977356,0.0,0.9869405627250671,0.03620629757642746,0.15696308016777039,-0.0,-0.1610681116580963,0.20778459310531616,0.9648225903511047,-0.0,-0.1397358626127243,0.1956057995557785,-0.7570950984954834,1.0],"projection":[1.5249354839324951,0.0,0.0,0.0,0.0,2.033247470855713,0.0,0.0,0.019223809242248535,0.007514297962188721,-0.9999997615814209,-1.0,0.0,0.0,-0.0009999998146668077,0.0],"resolution":[720,540],"saveDuration":0.006927665788680315,"sequence":27,"timestamp":1648063632.3495972,"tracking":2,"trackingReason":0},{"image":"frame_00000028.jpg","intrinsics":[550.73388671875,550.73388671875,352.7064208984375,271.9326171875,101.9747314453125],"location":{"heading":346.044677734375,"headingAccuracy":0.0,"headingTimestamp":1648063632.461909},"pose":[-0.1601100116968155,0.20058771967887878,-0.7857789993286133,-0.0006475492846220732,-0.13035768270492554,-0.694535493850708,0.7075499296188354],"pose4x4":[0.0012546454090625048,-0.9826682209968567,0.185368612408638,0.0,0.9830058813095093,0.0352400504052639,0.18015971779823303,-0.0,-0.18356963992118835,0.18199241161346436,0.9660129547119141,-0.0,-0.1601100116968155,0.20058771967887878,-0.7857789993286133,0.9999999403953552],"projection":[1.5298163890838623,0.0,0.0,0.0,0.0,2.039755344390869,0.0,0.0,0.019739091396331787,0.007852256298065186,-0.9999997615814209,-1.0,0.0,0.0,-0.0009999998146668077,0.0],"resolution":[720,540],"saveDuration":0.005402999930083752,"sequence":28,"timestamp":1648063632.3995826,"tracking":2,"trackingReason":0},{"image":"frame_00000029.jpg","intrinsics":[551.3928833007813,551.3928833007813,352.7636413574219,271.9587707519531,101.98454284667969],"location":{"heading":346.044677734375,"headingAccuracy":0.0,"headingTimestamp":1648063632.461909},"pose":[-0.18209727108478546,0.20768098533153534,-0.814897358417511,0.010568425059318542,-0.1298205703496933,-0.6977067589759827,0.7044431567192078],"pose4x4":[-0.007296325173228979,-0.9857335090637207,0.16815511882305145,0.0,0.9802455306053162,0.026187049224972725,0.19604308903217316,-0.0,-0.19764971733093262,0.1662636697292328,0.9660698175430298,-0.0,-0.18209727108478546,0.20768098533153534,-0.814897358417511,0.9999999403953552],"projection":[1.5316468477249146,0.0,0.0,0.0,0.0,2.0421957969665527,0.0,0.0,0.01958012580871582,0.00794917345046997,-0.9999997615814209,-1.0,0.0,0.0,-0.0009999998146668077,0.0],"resolution":[720,540],"saveDuration":0.007011666893959045,"sequence":29,"timestamp":1648063632.449568,"tracking":2,"trackingReason":0},{"image":"frame_00000030.jpg","intrinsics":[549.1964111328125,549.1964111328125,352.79095458984375,271.91259765625,101.96722412109375],"location":{"heading":346.044677734375,"headingAccuracy":0.0,"headingTimestamp":1648063632.461909},"pose":[-0.20586808025836945,0.21577633917331696,-0.8442241549491882,0.014884009025990963,-0.13721400499343872,-0.7008522748947144,0.6998263001441956],"pose4x4":[-0.02004331909120083,-0.9850342869758606,0.17118898034095764,0.0,0.9768651127815247,0.017168991267681122,0.2131659835577011,-0.0,-0.21291492879390717,0.17150110006332397,0.9619015455245972,-0.0,-0.20586808025836945,0.21577633917331696,-0.8442241549491882,1.0],"projection":[1.525545597076416,0.0,0.0,0.0,0.0,2.0340609550476074,0.0,0.0,0.019504308700561523,0.007778167724609375,-0.9999997615814209,-1.0,0.0,0.0,-0.0009999998146668077,0.0],"resolution":[720,540],"saveDuration":0.00562774995341897,"sequence":30,"timestamp":1648063632.4995532,"tracking":2,"trackingReason":0},{"image":"frame_00000031.jpg","intrinsics":[547.8785400390625,547.8785400390625,352.7894287109375,271.8539123535156,101.94522094726563],"location":{"heading":349.74169921875,"headingAccuracy":0.0,"headingTimestamp":1648063632.601063},"pose":[-0.22963812947273254,0.22621475160121918,-0.872050940990448,0.020773550495505333,-0.14358413219451904,-0.7018073797225952,0.6974371671676636],"pose4x4":[-0.02629975415766239,-0.9848985075950623,0.17112374305725098,0.0,0.9729675650596619,0.014069966040551662,0.23051325976848602,-0.0,-0.2294398844242096,0.17256027460098267,0.9579042196273804,-0.0,-0.22963812947273254,0.22621475160121918,-0.872050940990448,1.0],"projection":[1.5218849182128906,0.0,0.0,0.0,0.0,2.029179811477661,0.0,0.0,0.019508540630340576,0.007560789585113525,-0.9999997615814209,-1.0,0.0,0.0,-0.0009999998146668077,0.0],"resolution":[720,540],"saveDuration":0.006580291781574488,"sequence":31,"timestamp":1648063632.5495372,"tracking":2,"trackingReason":0},{"image":"frame_00000032.jpg","intrinsics":[550.73388671875,550.73388671875,352.6227111816406,271.83331298828125,101.93749237060547],"location":{"heading":349.74169921875,"headingAccuracy":0.0,"headingTimestamp":1648063632.601063},"pose":[-0.25397738814353943,0.2365439534187317,-0.8940380215644836,0.03715035319328308,-0.14036747813224792,-0.7021906971931458,0.6970258355140686],"pose4x4":[-0.025549622252583504,-0.9893195033073425,0.1435062438249588,0.0,0.9684606194496155,0.011096133850514889,0.24891896545886993,-0.0,-0.24785277247428894,0.1453399509191513,0.9578335285186768,-0.0,-0.25397738814353943,0.2365439534187317,-0.8940380215644836,0.9999998807907104],"projection":[1.5298163890838623,0.0,0.0,0.0,0.0,2.039755344390869,0.0,0.0,0.01997166872024536,0.00748443603515625,-0.9999997615814209,-1.0,0.0,0.0,-0.0009999998146668077,0.0],"resolution":[720,540],"saveDuration":0.0056557501666247845,"sequence":32,"timestamp":1648063632.5995228,"tracking":2,"trackingReason":0},{"image":"frame_00000033.jpg","intrinsics":[551.1732177734375,551.1732177734375,352.51678466796875,271.8959655761719,101.96098327636719],"location":{"heading":349.74169921875,"headingAccuracy":0.0,"headingTimestamp":1648063632.601063},"pose":[-0.27595391869544983,0.246052548289299,-0.9156705141067505,0.04761353135108948,-0.1376769244670868,-0.7030341625213623,0.6960753798484802],"pose4x4":[-0.026424093171954155,-0.991840124130249,0.12471915781497955,0.0,0.9656190276145935,0.006951689720153809,0.25986841320991516,-0.0,-0.2586149275302887,0.12729798257350922,0.9575560092926025,-0.0,-0.27595391869544983,0.246052548289299,-0.9156705141067505,0.9999999403953552],"projection":[1.5310367345809937,0.0,0.0,0.0,0.0,2.041382312774658,0.0,0.0,0.02026587724685669,0.007716536521911621,-0.9999997615814209,-1.0,0.0,0.0,-0.0009999998146668077,0.0],"resolution":[720,540],"saveDuration":0.009308749809861183,"sequence":33,"timestamp":1648063632.649508,"tracking":2,"trackingReason":0},{"image":"frame_00000034.jpg","intrinsics":[551.1732177734375,551.1732177734375,352.5044250488281,271.8079833984375,101.92799377441406],"location":{"heading":349.74169921875,"headingAccuracy":0.0,"headingTimestamp":1648063632.601063},"pose":[-0.2951233983039856,0.25489407777786255,-0.9360807538032532,0.0523955412209034,-0.13722363114356995,-0.7047936320304871,0.6940391063690186],"pose4x4":[-0.031128915026783943,-0.9926884770393372,0.11662103980779648,0.0,0.9639289379119873,0.0010411537950858474,0.2661578059196472,-0.0,-0.26433324813842773,0.12069959193468094,0.9568488001823425,-0.0,-0.2951233983039856,0.25489407777786255,-0.9360807538032532,0.9999998807907104],"projection":[1.5310367345809937,0.0,0.0,0.0,0.0,2.041382312774658,0.0,0.0,0.020300209522247314,0.0073906779289245605,-0.9999997615814209,-1.0,0.0,0.0,-0.0009999998146668077,0.0],"resolution":[720,540],"saveDuration":0.005451083183288574,"sequence":34,"timestamp":1648063632.6994927,"tracking":2,"trackingReason":0},{"image":"frame_00000035.jpg","intrinsics":[550.73388671875,550.73388671875,352.49993896484375,271.7123107910156,101.89212036132813],"location":{"heading":349.74169921875,"headingAccuracy":0.0,"headingTimestamp":1648063632.601063},"pose":[-0.3132004141807556,0.26260778307914734,-0.9583062529563904,0.0528196319937706,-0.13519251346588135,-0.7075449228286743,0.6916019916534424],"pose4x4":[-0.037793539464473724,-0.992960512638092,0.1122543215751648,0.0,0.9643973112106323,-0.006819327361881733,0.2643698751926422,-0.0,-0.26174333691596985,0.11824922263622284,0.9578660726547241,-0.0,-0.3132004141807556,0.26260778307914734,-0.9583062529563904,1.0],"projection":[1.5298163890838623,0.0,0.0,0.0,0.0,2.039755344390869,0.0,0.0,0.02031266689300537,0.007036328315734863,-0.9999997615814209,-1.0,0.0,0.0,-0.0009999998146668077,0.0],"resolution":[720,540],"saveDuration":0.006994834169745445,"sequence":35,"timestamp":1648063632.7494779,"tracking":2,"trackingReason":0},{"image":"frame_00000036.jpg","intrinsics":[550.9535522460938,550.9535522460938,352.467529296875,271.56640625,101.83740234375],"location":{"heading":352.8544921875,"headingAccuracy":0.0,"headingTimestamp":1648063632.858959},"pose":[-0.33344805240631104,0.26755744218826294,-0.9810979962348938,0.05707579106092453,-0.13283680379390717,-0.7073368430137634,0.6919330954551697],"pose4x4":[-0.035941947251558304,-0.9940230846405029,0.1030847504734993,0.0,0.9636960625648499,-0.007166008930653334,0.2669059932231903,-0.0,-0.26457199454307556,0.10893546789884567,0.9581936001777649,-0.0,-0.33344805240631104,0.26755744218826294,-0.9810979962348938,1.0],"projection":[1.5304265022277832,0.0,0.0,0.0,0.0,2.0405688285827637,0.0,0.0,0.02040266990661621,0.006496012210845947,-0.9999997615814209,-1.0,0.0,0.0,-0.0009999998146668077,0.0],"resolution":[720,540],"saveDuration":0.005291167180985212,"sequence":36,"timestamp":1648063632.7994637,"tracking":2,"trackingReason":0},{"image":"frame_00000037.jpg","intrinsics":[551.6124877929688,551.6124877929688,352.4627685546875,271.4205322265625,101.78269958496094],"location":{"heading":352.8544921875,"headingAccuracy":0.0,"headingTimestamp":1648063632.858959},"pose":[-0.35290080308914185,0.2724711000919342,-1.0045472383499146,0.06445404887199402,-0.12993061542510986,-0.7065317630767822,0.6926590800285339],"pose4x4":[-0.03213824704289436,-0.9955203533172607,0.08891758322715759,0.0,0.9620221853256226,-0.0066829584538936615,0.2728896141052246,-0.0,-0.2710729241371155,0.09431087225675583,0.9579274654388428,-0.0,-0.35290080308914185,0.2724711000919342,-1.0045472383499146,1.0],"projection":[1.5322569608688354,0.0,0.0,0.0,0.0,2.0430092811584473,0.0,0.0,0.020415961742401123,0.005955696105957031,-0.9999997615814209,-1.0,0.0,0.0,-0.0009999998146668077,0.0],"resolution":[720,540],"saveDuration":0.0067360419780015945,"sequence":37,"timestamp":1648063632.8494487,"tracking":2,"trackingReason":0},{"image":"frame_00000038.jpg","intrinsics":[551.3928833007813,551.3928833007813,352.4942626953125,271.45941162109375,101.79727935791016],"location":{"heading":352.8544921875,"headingAccuracy":0.0,"headingTimestamp":1648063632.858959},"pose":[-0.3718421459197998,0.2762935757637024,-1.0307035446166992,0.06991831213235855,-0.12751640379428864,-0.7068257927894592,0.6922776699066162],"pose4x4":[-0.03172622248530388,-0.9964708089828491,0.07771338522434235,0.0,0.9608079195022583,-0.008982495404779911,0.2770695388317108,-0.0,-0.27539366483688354,0.08345799893140793,0.9577020406723022,-0.0,-0.3718421459197998,0.2762935757637024,-1.0307035446166992,0.9999999403953552],"projection":[1.5316468477249146,0.0,0.0,0.0,0.0,2.0421957969665527,0.0,0.0,0.02032846212387085,0.0060996413230896,-0.9999997615814209,-1.0,0.0,0.0,-0.0009999998146668077,0.0],"resolution":[720,540],"saveDuration":0.005918458104133606,"sequence":38,"timestamp":1648063632.899434,"tracking":2,"trackingReason":0},{"image":"frame_00000039.jpg","intrinsics":[551.1732177734375,551.1732177734375,352.5057373046875,271.402099609375,101.77578735351563],"location":{"heading":353.954345703125,"headingAccuracy":0.0,"headingTimestamp":1648063633.017946},"pose":[-0.38966208696365356,0.2798895239830017,-1.058178186416626,0.07423847913742065,-0.12486457079648972,-0.7076733112335205,0.6914448142051697],"pose4x4":[-0.03278550133109093,-0.9971736073493958,0.06760073453187943,0.0,0.9600946307182312,-0.012625879608094692,0.27939027547836304,-0.0,-0.27774712443351746,0.07406304031610489,0.9577950835227966,-0.0,-0.38966208696365356,0.2798895239830017,-1.058178186416626,1.0],"projection":[1.5310367345809937,0.0,0.0,0.0,0.0,2.041382312774658,0.0,0.0,0.02029663324356079,0.005887448787689209,-0.9999997615814209,-1.0,0.0,0.0,-0.0009999998146668077,0.0],"resolution":[720,540],"saveDuration":0.0063721658661961555,"sequence":39,"timestamp":1648063632.9494188,"tracking":2,"trackingReason":0},{"image":"frame_00000040.jpg","intrinsics":[551.6124877929688,551.6124877929688,352.47296142578125,271.3555908203125,101.75834655761719],"location":{"heading":353.954345703125,"headingAccuracy":0.0,"headingTimestamp":1648063633.017946},"pose":[-0.40781670808792114,0.2822527587413788,-1.0874041318893433,0.0792168527841568,-0.12027036398649216,-0.7088305354118347,0.6905208230018616],"pose4x4":[-0.03381125628948212,-0.9979793429374695,0.053795747458934784,0.0,0.9598696231842041,-0.0174319539219141,0.2799043655395508,-0.0,-0.2784010171890259,0.06110081821680069,0.958519458770752,-0.0,-0.40781670808792114,0.2822527587413788,-1.0874041318893433,0.9999999403953552],"projection":[1.5322569608688354,0.0,0.0,0.0,0.0,2.0430092811584473,0.0,0.0,0.020387649536132813,0.005715072154998779,-0.9999997615814209,-1.0,0.0,0.0,-0.0009999998146668077,0.0],"resolution":[720,540],"saveDuration":0.00601695803925395,"sequence":40,"timestamp":1648063632.9994037